12.01.2019 01:10:16
0 4353 4 4
4 1 3 4 
2 5 1 2 
4 1 2 1 
1 3 3 3 
;
12.01.2019 01:30:22
0 1204177 4 4
4 1 3 4 
2 5 1 2 
4 1 2 1 
1 3 3 3 
;
12.01.2019 13:54:18
0 56187 4 4
4 3 4 2 
2 3 1 5 
4 2 1 3 
1 3 5 2 
;
13.01.2019 21:47:32
0 112405 4 4
1 2 5 4 
5 4 4 2 
1 3 2 5 
5 4 4 3 
;
13.01.2019 21:47:38
0 2804 4 4
1 4 2 5 
3 5 4 5 
5 4 2 3 
2 5 3 2 
;
13.01.2019 21:47:41
0 1345 4 4
3 4 1 5 
1 5 3 1 
1 2 3 4 
1 5 5 4 
;
13.01.2019 21:47:43
0 793 4 4
3 5 4 5 
5 2 1 2 
3 5 5 4 
5 5 5 4 
;
13.01.2019 21:47:45
0 764 4 4
4 2 4 4 
1 2 4 4 
4 1 1 5 
1 5 3 1 
;
13.01.2019 23:15:23
0 162380 4 4
4 2 4 4 
1 2 4 4 
4 1 1 5 
1 5 3 1 
;
13.01.2019 23:15:25
0 475 4 4
4 3 4 4 
1 3 1 1 
2 5 1 4 
4 5 2 2 
;
13.01.2019 23:15:25
0 388 4 4
4 4 3 2 
4 5 2 5 
5 2 4 4 
3 4 5 4 
;
13.01.2019 23:15:26
0 396 4 4
2 5 5 4 
5 5 3 3 
5 2 2 3 
1 1 5 3 
;
13.01.2019 23:15:27
0 382 4 4
4 3 1 1 
3 1 4 4 
4 1 2 2 
1 2 5 1 
;
22.01.2019 17:17:18
0 28710 4 4
4 2 2 4 
2 2 5 5 
3 2 5 4 
6 3 2 6 
;
23.01.2019 10:27:30
1336 3911 6 6
0 0 0 3 4 2 
0 0 0 4 5 3 
0 0 3 5 4 6 
0 0 4 2 6 3 
0 0 7 6 4 2 
3 4 6 7 2 8 
;
